3.182
3.2215000000000003
3.038
3.34375
3.14925
3.116625
3.274875
3.3049999999999997
3.5692499999999994
3.332125
2.9673749999999997
2.9797499999999997
3.1995
3.15675
3.144375
3.033625
3.4002500000000007
3.55
2.82025
3.0472499999999996
2.981
2.9963749999999996
2.8743749999999997
3.160375
3.300875
2.9388750000000003
3.400875
3.091125
3.6807499999999997
3.6427500000000004
4.246625
3.492375
3.6134999999999993
4.20925
4.054625
3.764875
5.093875
4.240125000000001
3.734625
4.74625
4.332625
4.29975
4.8066249999999995
3.7245000000000004
4.991
5.16125
5.116375
3.8106250000000004
5.3075
4.552875
3.808
5.469875
4.14875
4.9515
4.978125
5.01325
5.047
3.989625
6.5125
5.227125
5.259875
4.7485
5.067875
4.536875
3.9965
5.403874999999999
4.730500000000001
4.373625
5.002625
3.8143749999999996
5.935499999999999
6.314125
5.544625
5.245
5.760125
5.851125000000001
4.811249999999999
4.619375
4.657
5.7435
5.355499999999999
5.602
4.6235
5.605875
4.7642500000000005
4.461
5.42425
5.632625
5.59675
5.259125
5.891125
5.89075
7.569374999999999
6.57625
6.54275
6.674875
6.282375
6.378375
6.932124999999999
7.023249999999999
5.64525
5.904875
6.880750000000001
6.756874999999999
5.511125
6.874125000000001
6.300375
7.167375000000002
6.264375
5.936
5.9102500000000004
5.19225
7.1739999999999995
6.779999999999999
6.096375
6.931749999999999
6.752625
7.793875
6.656625
8.132249999999999
6.251
7.066749999999999
5.733124999999999
5.76
6.0409999999999995
5.998375
7.460375000000001
6.763
6.00225
6.092875000000001
5.160874999999999
6.640375000000001
7.776000000000002
5.026625
6.760125
8.311
6.4094999999999995
6.14325
7.697875000000001
7.154000000000001
6.747249999999999
6.320375
5.889625
6.1503749999999995
7.295875
6.540375
5.775875
7.825750000000001
6.122
7.156499999999999
6.813124999999999
7.108875
6.6015
4.963625
7.114375000000001
5.9833750000000006
6.17975
7.7802500000000006
6.7015
7.45275
6.2688749999999995
6.185499999999999
6.384625
5.928375
6.961125
6.301374999999999
6.1265
6.827250000000001
6.192875
5.45175
7.174250000000001
6.617375
7.1745
7.019749999999999
4.538625000000001
5.874125
6.3420000000000005
6.857375
6.532375
6.968500000000001
5.936125
6.134874999999999
6.619249999999999
7.741375
6.755625
6.927
7.6016249999999985
6.795125000000001
7.5565
5.379875
7.01425
7.1485
6.3075
6.752625
6.914
7.1133750000000004
6.621125000000001
8.075750000000001
6.4045000000000005
7.10625
6.06475
6.199
6.078374999999999
6.2385
6.44
6.69825
6.718625
7.009875000000001
7.464500000000001
7.058
6.2345
5.91625
8.082375
5.131749999999999
6.71925
6.554375
6.464375000000001
5.779
4.955625
6.438375000000001
5.978125
5.92875
6.587375
7.0145
6.282000000000001
7.531499999999999
6.398000000000001
6.093125
6.264
7.239625000000001
7.761125
6.596875
6.352875
7.312375
6.838125
6.378749999999999
6.6625
6.924125000000001
6.910500000000001
6.8515
6.975375
7.034375
6.254875
6.891125
5.8496250000000005
7.105250000000001
6.282
6.31425
5.7947500000000005
6.5588750000000005
7.374750000000001
6.09375
5.84075
7.939875000000001
7.25625
5.662625
6.537999999999999
6.320749999999999
7.13125
7.529875000000001
6.2989999999999995
6.036500000000001
6.3805000000000005
6.827
5.796
7.513249999999999
5.752375
7.231
6.090625000000001
7.20925
6.320125
6.0181249999999995
6.073375
6.665000000000001
5.266875000000001
6.27325
7.091500000000001
6.210875
6.937625
6.775499999999999
5.960500000000001
6.33625
5.948124999999999
6.931749999999999
6.672624999999999
6.21925
6.572
7.498375
6.890000000000001
6.378375
6.5715
6.932625
7.272500000000001
5.355125
6.118125
5.312250000000001
6.598000000000001
6.52275
6.988124999999999
5.782125
7.089
7.890874999999999
6.850624999999999
6.4475
7.076124999999999
6.929875
5.79725
7.1819999999999995
6.9045000000000005
5.88425
6.014125
6.911125
7.367375
7.44975
7.104124999999999
6.436125000000001
5.556625
6.09
7.437125
7.082875
7.261374999999999
6.644125
6.471125000000001
6.786499999999999
7.3557500000000005
6.0815
6.8405000000000005
6.4098749999999995
6.091499999999999
7.708375000000001
8.066875
6.247125
6.534625
7.53075
7.718375
7.114250000000001
7.635749999999999
7.471125000000001
5.358625
7.138374999999999
7.894374999999999
7.03075
6.867624999999999
6.471625
5.8525
5.506375
6.519749999999999
6.15925
5.9201250000000005
7.067
7.739375000000001
7.134375
7.2612499999999995
6.593999999999999
6.300000000000001
5.891375
7.1526250000000005
7.735249999999999
6.248625
8.143875
7.700125
7.366375000000001
7.767875000000001
7.34525
7.637874999999999
6.9651250000000005
7.406625
7.174875
6.1965
6.669375
5.731875
7.7067499999999995
6.741124999999999
7.35675
7.907750000000002
6.96475
6.398750000000001
6.049875
6.710374999999999
6.745375
6.8775
7.08525
6.4236249999999995
6.950374999999999
7.6617500000000005
6.096875
6.413625000000001
7.04075
6.639625
7.442375
7.66275
7.0798749999999995
6.52775
6.334124999999999
7.115375
7.6213750000000005
5.725875
7.779999999999999
7.212999999999999
6.448
6.715375
7.141374999999999
6.0443750000000005
6.893625
6.870875000000001
5.7361249999999995
7.106875
7.607249999999999
6.220625
6.234125000000001
7.3382499999999995
6.2932500000000005
7.908624999999999
7.109624999999999
7.880125
7.076125
6.789
7.20325
6.389374999999999
7.107125000000001
6.840124999999999
6.03775
6.289874999999999
6.305124999999999
6.029
7.0188749999999995
6.42
7.060249999999999
6.334
5.116375
6.5625
8.726875
6.109
6.292125
7.056
7.367375
6.8923749999999995
7.464625
5.757249999999999
6.2361249999999995
7.741375
7.997
7.571625
7.592375
8.224250000000001
9.046000000000001
8.738874999999998
7.755125000000001
8.1395
8.04925
8.194625
8.212375
8.3235
8.276625000000001
9.138625000000001
8.480500000000001
8.607375000000001
7.22925
8.272625
9.36875
7.852625000000001
9.081624999999999
8.227625
8.866375
8.352250000000002
8.901375
7.576625
8.77625
8.04025
8.260375
7.2517499999999995
8.724625
7.893125
7.415375
8.12825
7.9315
8.753125
8.32975
8.934875000000002
8.294999999999998
9.310749999999999
8.756125
8.04725
7.7288749999999995
8.117500000000001
7.825625
8.612375
8.48375
7.933375000000001
8.095875
7.063625
8.75075
8.88275
9.921625
9.598374999999999
8.574625
7.496625
9.4105
8.421625
